289 8
372 10
189 9
763 3
302 18
420 59
268 44
407 24
268 56
275 125
334 163
383 72
236 43
259 179
340 197
400 104
207 43
208 191
251 210
233 119
254 90
218 380
239 401
387 199
251 69
196 366
268 310
391 105
264 64
224 228
269 183
385 62
282 8
249 28
288 13
850 2
194 31
243 96
343 39
320 18
285 55
243 172
274 129
305 50
270 53
226 211
260 125
349 55
129 73
214 219
232 131
325 43
213 98
209 434
250 253
299 88
227 120
229 353
250 148
228 46
198 100
193 233
258 103
324 22
133 4
288 1
179 1
nan 0
135 10
196 13
293 7
205 2
181 17
179 36
208 18
116 6
160 15
161 39
189 30
147 8
157 21
149 46
204 32
207 4
149 35
172 97
174 50
325 8
172 42
164 95
175 33
346 10
167 43
178 73
227 20
192 6
160 1
11 1
nan 0
nan 0
166 4
135 3
104 2
nan 0
110 12
264 10
150 8
636 1
110 12
107 19
104 9
65 2
113 14
137 23
141 8
nan 0
98 22
110 59
129 15
137 9
98 35
132 45
152 13
167 1
114 53
101 44
119 6
123 6